<?xml version="1.0" encoding="UTF-8" standalone="no"?>
<!DOCTYPE svg PUBLIC "-//W3C//DTD SVG 20010904//EN"
              "http://www.w3.org/TR/2001/REC-SVG-20010904/DTD/svg10.dtd">

<svg xmlns="http://www.w3.org/2000/svg"
     width="4.44444in" height="4.44444in"
     viewBox="0 0 400 400">
  <path id="path0"
        fill="none" stroke="black" stroke-width="1"
        d="M 188.41,0.20
           C 65.74,7.83 -20.64,120.85 4.17,241.28
             21.81,326.95 95.30,392.00 182.71,399.31
             310.07,409.97 414.36,301.38 398.45,174.69
             386.65,80.61 311.00,8.60 215.45,0.47
             211.19,0.10 192.88,-0.08 188.41,0.20M 319.07,66.90
           C 319.07,66.94 317.23,68.66 314.97,70.72
             303.74,80.95 303.17,81.78 303.51,87.48
             303.81,92.52 303.94,93.07 305.69,96.86
             309.45,104.96 310.29,110.72 309.32,121.68
             308.84,127.08 308.86,133.12 309.38,140.32
             310.45,155.09 310.84,165.59 310.85,180.69
             310.87,195.16 310.86,195.22 309.49,197.95
             307.83,201.29 305.86,201.95 298.92,201.48
             294.47,201.18 293.47,200.48 291.35,196.16
             289.46,192.30 289.10,179.49 290.28,157.80
             291.12,142.33 291.30,137.12 291.45,122.94
             291.66,104.09 291.57,104.80 294.53,98.64
             296.66,94.22 296.91,93.43 297.01,90.93
             297.10,88.76 296.65,86.49 296.02,85.97
             295.73,85.73 280.41,97.28 262.05,111.58
             254.53,117.44 254.43,117.76 257.69,125.23
             261.27,133.41 262.44,138.34 262.62,145.95
             263.01,162.16 258.24,170.95 242.62,182.80
             238.04,186.27 235.14,188.78 233.24,190.94
             223.01,202.48 226.11,215.96 241.04,224.91
             261.53,237.20 271.73,250.40 273.96,267.52
             278.03,298.77 255.63,322.17 214.20,329.96
             205.80,331.54 198.57,331.82 188.60,330.95
             152.64,327.82 130.16,314.83 124.76,294.06
             117.62,266.62 136.23,246.44 177.11,237.30
             186.69,235.16 201.47,233.13 207.47,233.12
             209.16,233.12 209.16,233.09 207.68,231.29
             200.04,222.00 198.36,210.65 202.90,198.90
             203.01,198.60 202.87,198.59 201.32,198.68
             190.06,199.40 174.45,196.06 165.45,190.99
             150.01,182.29 139.84,164.43 139.84,146.00
             139.84,146.00 139.84,144.28 139.84,144.28
             139.84,144.28 111.83,144.23 111.83,144.23
             111.83,144.23 83.83,144.18 83.83,144.18
             83.83,144.18 127.52,105.50 127.52,105.50
             127.52,105.50 171.20,66.83 171.20,66.83
             171.20,66.83 245.14,66.83 245.14,66.83
             285.80,66.83 319.07,66.86 319.07,66.90M 189.96,100.37
           C 159.71,104.30 156.07,153.32 184.04,180.06
             208.45,203.38 238.41,190.47 238.39,156.64
             238.38,126.16 213.54,97.32 189.96,100.37M 194.40,241.26
           C 158.95,244.36 138.90,272.98 155.04,297.44
             176.40,329.82 239.51,327.68 253.71,294.09
             265.46,266.31 233.50,237.85 194.40,241.26" />
</svg>
