<?xml version="1.0" encoding="UTF-8" standalone="no"?>
<!DOCTYPE svg PUBLIC "-//W3C//DTD SVG 20010904//EN"
              "http://www.w3.org/TR/2001/REC-SVG-20010904/DTD/svg10.dtd">

<svg xmlns="http://www.w3.org/2000/svg"
     width="0.633333in" height="0.633333in"
     viewBox="0 0 57 57">
  <path id="Imported Path"
        fill="none" stroke="black" stroke-width="1"
        d="M 49.53,4.69
           C 49.53,4.69 7.18,4.69 7.18,4.69
             5.16,4.69 3.51,6.30 3.51,8.27
             3.51,8.27 3.51,51.12 3.51,51.12
             3.51,53.09 5.16,54.70 7.18,54.70
             7.18,54.70 49.53,54.70 49.53,54.70
             51.56,54.70 53.21,53.09 53.21,51.12
             53.21,51.12 53.21,8.27 53.21,8.27
             53.21,6.30 51.56,4.69 49.53,4.69 Z
           M 18.58,46.55
           C 18.58,46.55 11.07,46.55 11.07,46.55
             11.07,46.55 11.07,23.97 11.07,23.97
             11.07,23.97 18.58,23.97 18.58,23.97
             18.58,23.97 18.58,46.55 18.58,46.55 Z
           M 14.82,20.89
           C 14.82,20.89 14.77,20.89 14.77,20.89
             12.26,20.89 10.63,19.16 10.63,16.99
             10.63,14.77 12.31,13.09 14.87,13.09
             17.44,13.09 19.02,14.77 19.07,16.99
             19.07,19.16 17.44,20.89 14.82,20.89 Z
           M 45.64,46.55
           C 45.64,46.55 38.13,46.55 38.13,46.55
             38.13,46.55 38.13,34.47 38.13,34.47
             38.13,31.44 37.05,29.37 34.33,29.37
             32.26,29.37 31.03,30.76 30.48,32.11
             30.28,32.59 30.23,33.27 30.23,33.94
             30.23,33.94 30.23,46.55 30.23,46.55
             30.23,46.55 22.73,46.55 22.73,46.55
             22.73,46.55 22.83,26.09 22.73,23.97
             22.73,23.97 30.23,23.97 30.23,23.97
             30.23,23.97 30.23,27.17 30.23,27.17
             31.23,25.63 33.02,23.44 37.00,23.44
             41.94,23.44 45.64,26.67 45.64,33.60
             45.64,33.60 45.64,46.55 45.64,46.55
             45.64,46.55 45.64,46.55 45.64,46.55 Z
           M 30.23,27.25
           C 30.23,27.25 30.23,27.17 30.23,27.17
             30.22,27.20 30.20,27.22 30.18,27.25
             30.18,27.25 30.23,27.25 30.23,27.25 Z" />
</svg>
